00000000000000000000000000000000
00000000000000000000000000000000
00000000000000000000000000000000
00000000000000000000000000000000
00000011111100000000000000000000
00000111111111111000000000000000
00001111111111111111000000000000
00111111111111111000000000000000
00111111111111110000000000000000
00001111111111100000000000000000
0000011111111111111000001111111t
0000001111111111111000001111111t
0000011111111100001100001111111t
0000111111111111111111111111111t
0000111111111111111111111111111t
00001001110111000011111110000000
00000011111100000000000000000000
00000000000000000000000000000000